Vetor Original = {5 4 3 2 1 6 7 8 9 10}


4 5 3 2 1 6 7 8 9 10
4 3 5 2 1 6 7 8 9 10
4 3 5 1 2 6 7 8 9 10
			4 3 5 1 2 6 7 8 9 10
			4 3 5 1 2 6 7 8 9 10
			4 3 5 1 2 6 7 8 9 10
			4 3 5 1 2 6 7 8 9 10
			4 3 5 1 2 6 7 8 9 10
3 4 5 1 2 6 7 8 9 10
			3 4 5 1 2 6 7 8 9 10
3 4 1 5 2 6 7 8 9 10
3 4 1 2 5 6 7 8 9 10
			3 4 1 2 5 6 7 8 9 10
			3 4 1 2 5 6 7 8 9 10
			3 4 1 2 5 6 7 8 9 10
			3 4 1 2 5 6 7 8 9 10
			3 4 1 2 5 6 7 8 9 10
			3 4 1 2 5 6 7 8 9 10
3 1 4 2 5 6 7 8 9 10
3 1 2 4 5 6 7 8 9 10
			3 1 2 4 5 6 7 8 9 10
			3 1 2 4 5 6 7 8 9 10
			3 1 2 4 5 6 7 8 9 10
			3 1 2 4 5 6 7 8 9 10
			3 1 2 4 5 6 7 8 9 10
			3 1 2 4 5 6 7 8 9 10
1 3 2 4 5 6 7 8 9 10
1 2 3 4 5 6 7 8 9 10
			1 2 3 4 5 6 7 8 9 10
			1 2 3 4 5 6 7 8 9 10
			1 2 3 4 5 6 7 8 9 10
			1 2 3 4 5 6 7 8 9 10
			1 2 3 4 5 6 7 8 9 10
			1 2 3 4 5 6 7 8 9 10
			1 2 3 4 5 6 7 8 9 10